function f=func(x)
f=1416198935144295/576460752303423488 - (18304493125836099*x)/73786976294838206464